7
1001
1009
1010
1008
1007
1006
1002
7
1002
1007
1006
1010
1001
1008
1009
7
1001
1010
1002
1008
1005
1009
1007
7
1010
1001
1009
1005
1002
1007
1008
7
1006
1009
1008
1007
1010
1001
1002
7
1010
1001
1008
1006
1009
1002
1007
7
1010
1007
1008
1001
1006
1009
1002
7
1008
1010
1002
1009
1007
1005
1001
7
1010
1008
1009
1007
1001
1002
1006
7
1010
1001
1002
1007
1008
1009
1005
7
1010
1007
1008
1009
1001
1002
1006
7
1007
1002
1010
1008
1009
1005
1001
7
1007
1001
1010
1005
1008
1002
1009
7
1009
1006
1010
1007
1008
1002
1001
7
1010
1009
1007
1002
1008
1006
1001
7
1001
1010
1002
1007
1009
1008
1006
7
1008
1007
1010
1001
1006
1009
1002
7
1001
1008
1007
1002
1010
1009
1006
7
1008
1002
1007
1010
1009
1001
1005
7
1008
1009
1002
1007
1010
1001
1006
