4
1005
45
1003
75
1011
55
1004
70
4
1011
55
1004
70
1006
45
1003
75
4
1003
75
1004
70
1011
55
1005
45
4
1003
75
1006
45
1004
60
1011
10
4
1003
75
1011
10
1004
60
1005
45
4
1011
55
1004
70
1005
45
1003
75
4
1003
75
1005
45
1011
10
1004
60
4
1011
55
1004
60
1006
45
1003
75
4
1003
75
1005
45
1004
70
1011
10
4
1006
45
1003
75
1004
70
1011
55
4
1004
60
1011
55
1005
45
1003
75
4
1011
10
1004
60
1006
45
1003
75
4
1003
75
1011
10
1004
70
1006
45
4
1003
75
1004
70
1011
55
1005
45
4
1011
55
1004
70
1003
75
1005
45
4
1003
75
1005
45
1004
60
1011
55
4
1005
45
1003
75
1004
70
1011
10
4
1003
75
1005
45
1004
60
1011
55
4
1003
75
1006
45
1004
60
1011
55
4
1005
45
1004
60
1011
55
1003
75
